/*--------------------------------*- C++ -*----------------------------------*\
| =========                 |                                                 |
| \\      /  F ield         | OpenFOAM: The Open Source CFD Toolbox           |
|  \\    /   O peration     | Version:  4.1                                   |
|   \\  /    A nd           | Web:      www.OpenFOAM.org                      |
|    \\/     M anipulation  |                                                 |
\*---------------------------------------------------------------------------*/
FoamFile
{
    version     2.0;
    format      ascii;
    class       vectorField;
    location    "constant/polyMesh";
    object      points;
}
// * * * * * * * * * * * * * * * * * * * * * * * * * * * * * * * * * * * * * //


882
(
(0.001000000047 -0.001000000047 -0.001000000047)
(0.001000000047 -0.001000000047 -0.0009000000457)
(0.001000000047 -0.001000000047 -0.000800000044)
(0.001000000047 -0.001000000047 -0.0007000000422)
(0.001000000047 -0.001000000047 -0.0006000000404)
(0.001000000047 -0.001000000047 -0.0005000000386)
(0.001000000047 -0.001000000047 -0.0004000000369)
(0.001000000047 -0.001000000047 -0.0003000000351)
(0.001000000047 -0.001000000047 -0.0002000000333)
(0.001000000047 -0.001000000047 -0.0001000000316)
(0.001000000047 -0.001000000047 -2.98023238e-11)
(0.001000000047 -0.001000000047 9.999997197e-05)
(0.001000000047 -0.001000000047 0.0001999999737)
(0.001000000047 -0.001000000047 0.0002999999755)
(0.001000000047 -0.001000000047 0.0003999999773)
(0.001000000047 -0.001000000047 0.000499999979)
(0.001000000047 -0.001000000047 0.0005999999808)
(0.001000000047 -0.001000000047 0.0006999999826)
(0.001000000047 -0.001000000047 0.0007999999844)
(0.001000000047 -0.001000000047 0.0008999999861)
(0.001000000047 -0.001000000047 0.0009999999879)
(0.001000000015 -0.0009000000427 -0.001000000077)
(0.001000000018 -0.0009000000427 -0.0009000000752)
(0.00100000002 -0.0009000000427 -0.0008000000732)
(0.001000000023 -0.0009000000427 -0.0007000000711)
(0.001000000026 -0.0009000000427 -0.000600000069)
(0.001000000029 -0.0009000000427 -0.000500000067)
(0.001000000032 -0.0009000000427 -0.0004000000649)
(0.001000000035 -0.0009000000427 -0.0003000000628)
(0.001000000037 -0.0009000000427 -0.0002000000608)
(0.00100000004 -0.0009000000427 -0.0001000000587)
(0.001000000043 -0.0009000000427 -5.662441521e-11)
(0.001000000046 -0.0009000000427 9.999994544e-05)
(0.001000000049 -0.0009000000427 0.0001999999475)
(0.001000000052 -0.0009000000427 0.0002999999496)
(0.001000000054 -0.0009000000427 0.0003999999516)
(0.001000000057 -0.0009000000427 0.0004999999537)
(0.00100000006 -0.0009000000427 0.0005999999558)
(0.001000000063 -0.0009000000427 0.0006999999578)
(0.001000000066 -0.0009000000427 0.0007999999599)
(0.001000000069 -0.0009000000427 0.000899999962)
(0.001000000071 -0.0009000000427 0.0009999999641)
(0.0009999999819 -0.000800000038 -0.001000000107)
(0.0009999999876 -0.000800000038 -0.0009000001047)
(0.0009999999933 -0.000800000038 -0.0008000001024)
(0.0009999999989 -0.000800000038 -0.0007000001)
(0.001000000005 -0.000800000038 -0.0006000000976)
(0.00100000001 -0.000800000038 -0.0005000000953)
(0.001000000016 -0.000800000038 -0.0004000000929)
(0.001000000022 -0.000800000038 -0.0003000000905)
(0.001000000027 -0.000800000038 -0.0002000000882)
(0.001000000033 -0.000800000038 -0.0001000000858)
(0.001000000039 -0.000800000038 -8.344650667e-11)
(0.001000000044 -0.000800000038 9.999991892e-05)
(0.00100000005 -0.000800000038 0.0001999999213)
(0.001000000056 -0.000800000038 0.0002999999237)
(0.001000000061 -0.000800000038 0.000399999926)
(0.001000000067 -0.000800000038 0.0004999999284)
(0.001000000073 -0.000800000038 0.0005999999307)
(0.001000000078 -0.000800000038 0.0006999999331)
(0.001000000084 -0.000800000038 0.0007999999355)
(0.00100000009 -0.000800000038 0.0008999999378)
(0.001000000095 -0.000800000038 0.0009999999402)
(0.0009999999491 -0.0007000000332 -0.001000000137)
(0.0009999999576 -0.0007000000332 -0.0009000001342)
(0.0009999999661 -0.0007000000332 -0.0008000001316)
(0.0009999999746 -0.0007000000332 -0.0007000001289)
(0.0009999999831 -0.0007000000332 -0.0006000001263)
(0.0009999999916 -0.0007000000332 -0.0005000001236)
(0.001 -0.0007000000332 -0.0004000001209)
(0.001000000009 -0.0007000000332 -0.0003000001183)
(0.001000000017 -0.0007000000332 -0.0002000001156)
(0.001000000026 -0.0007000000332 -0.0001000001129)
(0.001000000034 -0.0007000000332 -1.102685981e-10)
(0.001000000043 -0.0007000000332 9.999989239e-05)
(0.001000000051 -0.0007000000332 0.0001999998951)
(0.00100000006 -0.0007000000332 0.0002999998977)
(0.001000000068 -0.0007000000332 0.0003999999004)
(0.001000000077 -0.0007000000332 0.000499999903)
(0.001000000085 -0.0007000000332 0.0005999999057)
(0.001000000094 -0.0007000000332 0.0006999999084)
(0.001000000102 -0.0007000000332 0.000799999911)
(0.001000000111 -0.0007000000332 0.0008999999137)
(0.001000000119 -0.0007000000332 0.0009999999164)
(0.0009999999164 -0.0006000000285 -0.001000000167)
(0.0009999999277 -0.0006000000285 -0.0009000001637)
(0.000999999939 -0.0006000000285 -0.0008000001608)
(0.0009999999503 -0.0006000000285 -0.0007000001578)
(0.0009999999617 -0.0006000000285 -0.0006000001549)
(0.000999999973 -0.0006000000285 -0.0005000001519)
(0.0009999999843 -0.0006000000285 -0.0004000001489)
(0.0009999999956 -0.0006000000285 -0.000300000146)
(0.001000000007 -0.0006000000285 -0.000200000143)
(0.001000000018 -0.0006000000285 -0.0001000001401)
(0.00100000003 -0.0006000000285 -1.370906895e-10)
(0.001000000041 -0.0006000000285 9.999986587e-05)
(0.001000000052 -0.0006000000285 0.0001999998688)
(0.001000000064 -0.0006000000285 0.0002999998718)
(0.001000000075 -0.0006000000285 0.0003999998748)
(0.001000000086 -0.0006000000285 0.0004999998777)
(0.001000000098 -0.0006000000285 0.0005999998807)
(0.001000000109 -0.0006000000285 0.0006999998836)
(0.00100000012 -0.0006000000285 0.0007999998866)
(0.001000000132 -0.0006000000285 0.0008999998896)
(0.001000000143 -0.0006000000285 0.0009999998925)
(0.0009999998836 -0.0005000000237 -0.001000000197)
(0.0009999998977 -0.0005000000237 -0.0009000001932)
(0.0009999999119 -0.0005000000237 -0.00080000019)
(0.0009999999261 -0.0005000000237 -0.0007000001867)
(0.0009999999402 -0.0005000000237 -0.0006000001835)
(0.0009999999544 -0.0005000000237 -0.0005000001802)
(0.0009999999685 -0.0005000000237 -0.000400000177)
(0.0009999999827 -0.0005000000237 -0.0003000001737)
(0.0009999999968 -0.0005000000237 -0.0002000001704)
(0.001000000011 -0.0005000000237 -0.0001000001672)
(0.001000000025 -0.0005000000237 -1.639127809e-10)
(0.001000000039 -0.0005000000237 9.999983935e-05)
(0.001000000053 -0.0005000000237 0.0001999998426)
(0.001000000068 -0.0005000000237 0.0002999998459)
(0.001000000082 -0.0005000000237 0.0003999998491)
(0.001000000096 -0.0005000000237 0.0004999998524)
(0.00100000011 -0.0005000000237 0.0005999998556)
(0.001000000124 -0.0005000000237 0.0006999998589)
(0.001000000138 -0.0005000000237 0.0007999998622)
(0.001000000153 -0.0005000000237 0.0008999998654)
(0.001000000167 -0.0005000000237 0.0009999998687)
(0.0009999998508 -0.000400000019 -0.001000000226)
(0.0009999998678 -0.000400000019 -0.0009000002228)
(0.0009999998848 -0.000400000019 -0.0008000002192)
(0.0009999999018 -0.000400000019 -0.0007000002156)
(0.0009999999188 -0.000400000019 -0.0006000002121)
(0.0009999999357 -0.000400000019 -0.0005000002085)
(0.0009999999527 -0.000400000019 -0.000400000205)
(0.0009999999697 -0.000400000019 -0.0003000002014)
(0.0009999999867 -0.000400000019 -0.0002000001979)
(0.001000000004 -0.000400000019 -0.0001000001943)
(0.001000000021 -0.000400000019 -1.907348723e-10)
(0.001000000038 -0.000400000019 9.999981282e-05)
(0.001000000055 -0.000400000019 0.0001999998164)
(0.001000000072 -0.000400000019 0.0002999998199)
(0.001000000089 -0.000400000019 0.0003999998235)
(0.001000000106 -0.000400000019 0.0004999998271)
(0.001000000123 -0.000400000019 0.0005999998306)
(0.00100000014 -0.000400000019 0.0006999998342)
(0.001000000157 -0.000400000019 0.0007999998377)
(0.001000000174 -0.000400000019 0.0008999998413)
(0.001000000191 -0.000400000019 0.0009999998448)
(0.000999999818 -0.0003000000142 -0.001000000256)
(0.0009999998378 -0.0003000000142 -0.0009000002523)
(0.0009999998577 -0.0003000000142 -0.0008000002484)
(0.0009999998775 -0.0003000000142 -0.0007000002445)
(0.0009999998973 -0.0003000000142 -0.0006000002407)
(0.0009999999171 -0.0003000000142 -0.0005000002368)
(0.0009999999369 -0.0003000000142 -0.000400000233)
(0.0009999999567 -0.0003000000142 -0.0003000002291)
(0.0009999999766 -0.0003000000142 -0.0002000002253)
(0.0009999999964 -0.0003000000142 -0.0001000002214)
(0.001000000016 -0.0003000000142 -2.175569638e-10)
(0.001000000036 -0.0003000000142 9.99997863e-05)
(0.001000000056 -0.0003000000142 0.0001999997902)
(0.001000000076 -0.0003000000142 0.000299999794)
(0.001000000095 -0.0003000000142 0.0003999997979)
(0.001000000115 -0.0003000000142 0.0004999998017)
(0.001000000135 -0.0003000000142 0.0005999998056)
(0.001000000155 -0.0003000000142 0.0006999998094)
(0.001000000175 -0.0003000000142 0.0007999998133)
(0.001000000195 -0.0003000000142 0.0008999998171)
(0.001000000214 -0.0003000000142 0.000999999821)
(0.0009999997852 -0.0002000000095 -0.001000000286)
(0.0009999998079 -0.0002000000095 -0.0009000002818)
(0.0009999998305 -0.0002000000095 -0.0008000002776)
(0.0009999998532 -0.0002000000095 -0.0007000002735)
(0.0009999998758 -0.0002000000095 -0.0006000002693)
(0.0009999998985 -0.0002000000095 -0.0005000002651)
(0.0009999999211 -0.0002000000095 -0.000400000261)
(0.0009999999438 -0.0002000000095 -0.0003000002568)
(0.0009999999664 -0.0002000000095 -0.0002000002527)
(0.0009999999891 -0.0002000000095 -0.0001000002485)
(0.001000000012 -0.0002000000095 -2.443790552e-10)
(0.001000000034 -0.0002000000095 9.999975977e-05)
(0.001000000057 -0.0002000000095 0.0001999997639)
(0.00100000008 -0.0002000000095 0.0002999997681)
(0.001000000102 -0.0002000000095 0.0003999997722)
(0.001000000125 -0.0002000000095 0.0004999997764)
(0.001000000148 -0.0002000000095 0.0005999997805)
(0.00100000017 -0.0002000000095 0.0006999997847)
(0.001000000193 -0.0002000000095 0.0007999997889)
(0.001000000216 -0.0002000000095 0.000899999793)
(0.001000000238 -0.0002000000095 0.0009999997972)
(0.0009999997525 -0.0001000000047 -0.001000000316)
(0.0009999997779 -0.0001000000047 -0.0009000003113)
(0.0009999998034 -0.0001000000047 -0.0008000003068)
(0.0009999998289 -0.0001000000047 -0.0007000003024)
(0.0009999998544 -0.0001000000047 -0.0006000002979)
(0.0009999998799 -0.0001000000047 -0.0005000002935)
(0.0009999999053 -0.0001000000047 -0.000400000289)
(0.0009999999308 -0.0001000000047 -0.0003000002846)
(0.0009999999563 -0.0001000000047 -0.0002000002801)
(0.0009999999818 -0.0001000000047 -0.0001000002757)
(0.001000000007 -0.0001000000047 -2.712011466e-10)
(0.001000000033 -0.0001000000047 9.999973325e-05)
(0.001000000058 -0.0001000000047 0.0001999997377)
(0.001000000084 -0.0001000000047 0.0002999997422)
(0.001000000109 -0.0001000000047 0.0003999997466)
(0.001000000135 -0.0001000000047 0.0004999997511)
(0.00100000016 -0.0001000000047 0.0005999997555)
(0.001000000186 -0.0001000000047 0.00069999976)
(0.001000000211 -0.0001000000047 0.0007999997644)
(0.001000000237 -0.0001000000047 0.0008999997689)
(0.001000000262 -0.0001000000047 0.0009999997733)
(0.0009999997197 0 -0.001000000346)
(0.000999999748 0 -0.0009000003408)
(0.0009999997763 0 -0.000800000336)
(0.0009999998046 0 -0.0007000003313)
(0.0009999998329 0 -0.0006000003265)
(0.0009999998612 0 -0.0005000003218)
(0.0009999998895 0 -0.000400000317)
(0.0009999999179 0 -0.0003000003123)
(0.0009999999462 0 -0.0002000003075)
(0.0009999999745 0 -0.0001000003028)
(0.001000000003 0 -2.98023238e-10)
(0.001000000031 0 9.999970673e-05)
(0.001000000059 0 0.0001999997115)
(0.001000000088 0 0.0002999997162)
(0.001000000116 0 0.000399999721)
(0.001000000144 0 0.0004999997257)
(0.001000000173 0 0.0005999997305)
(0.001000000201 0 0.0006999997352)
(0.001000000229 0 0.00079999974)
(0.001000000258 0 0.0008999997447)
(0.001000000286 0 0.0009999997495)
(0.0009999996869 0.0001000000047 -0.001000000375)
(0.000999999718 0.0001000000047 -0.0009000003703)
(0.0009999997492 0.0001000000047 -0.0008000003652)
(0.0009999997803 0.0001000000047 -0.0007000003602)
(0.0009999998115 0.0001000000047 -0.0006000003551)
(0.0009999998426 0.0001000000047 -0.0005000003501)
(0.0009999998737 0.0001000000047 -0.000400000345)
(0.0009999999049 0.0001000000047 -0.00030000034)
(0.000999999936 0.0001000000047 -0.0002000003349)
(0.0009999999672 0.0001000000047 -0.0001000003299)
(0.0009999999983 0.0001000000047 -3.248453294e-10)
(0.001000000029 0.0001000000047 9.99996802e-05)
(0.001000000061 0.0001000000047 0.0001999996853)
(0.001000000092 0.0001000000047 0.0002999996903)
(0.001000000123 0.0001000000047 0.0003999996953)
(0.001000000154 0.0001000000047 0.0004999997004)
(0.001000000185 0.0001000000047 0.0005999997054)
(0.001000000216 0.0001000000047 0.0006999997105)
(0.001000000247 0.0001000000047 0.0007999997155)
(0.001000000279 0.0001000000047 0.0008999997206)
(0.00100000031 0.0001000000047 0.0009999997256)
(0.0009999996541 0.0002000000095 -0.001000000405)
(0.0009999996881 0.0002000000095 -0.0009000003998)
(0.0009999997221 0.0002000000095 -0.0008000003944)
(0.000999999756 0.0002000000095 -0.0007000003891)
(0.00099999979 0.0002000000095 -0.0006000003837)
(0.000999999824 0.0002000000095 -0.0005000003784)
(0.000999999858 0.0002000000095 -0.0004000003731)
(0.0009999998919 0.0002000000095 -0.0003000003677)
(0.0009999999259 0.0002000000095 -0.0002000003624)
(0.0009999999599 0.0002000000095 -0.000100000357)
(0.0009999999939 0.0002000000095 -3.516674209e-10)
(0.001000000028 0.0002000000095 9.999965368e-05)
(0.001000000062 0.0002000000095 0.000199999659)
(0.001000000096 0.0002000000095 0.0002999996644)
(0.00100000013 0.0002000000095 0.0003999996697)
(0.001000000164 0.0002000000095 0.0004999996751)
(0.001000000198 0.0002000000095 0.0005999996804)
(0.001000000232 0.0002000000095 0.0006999996858)
(0.001000000266 0.0002000000095 0.0007999996911)
(0.0010000003 0.0002000000095 0.0008999996964)
(0.001000000334 0.0002000000095 0.0009999997018)
(0.0009999996213 0.0003000000142 -0.001000000435)
(0.0009999996581 0.0003000000142 -0.0009000004293)
(0.0009999996949 0.0003000000142 -0.0008000004236)
(0.0009999997317 0.0003000000142 -0.000700000418)
(0.0009999997685 0.0003000000142 -0.0006000004124)
(0.0009999998054 0.0003000000142 -0.0005000004067)
(0.0009999998422 0.0003000000142 -0.0004000004011)
(0.000999999879 0.0003000000142 -0.0003000003954)
(0.0009999999158 0.0003000000142 -0.0002000003898)
(0.0009999999526 0.0003000000142 -0.0001000003841)
(0.0009999999894 0.0003000000142 -3.784895123e-10)
(0.001000000026 0.0003000000142 9.999962715e-05)
(0.001000000063 0.0003000000142 0.0001999996328)
(0.0010000001 0.0003000000142 0.0002999996384)
(0.001000000137 0.0003000000142 0.0003999996441)
(0.001000000173 0.0003000000142 0.0004999996497)
(0.00100000021 0.0003000000142 0.0005999996554)
(0.001000000247 0.0003000000142 0.000699999661)
(0.001000000284 0.0003000000142 0.0007999996667)
(0.001000000321 0.0003000000142 0.0008999996723)
(0.001000000357 0.0003000000142 0.0009999996779)
(0.0009999995885 0.000400000019 -0.001000000465)
(0.0009999996282 0.000400000019 -0.0009000004588)
(0.0009999996678 0.000400000019 -0.0008000004528)
(0.0009999997075 0.000400000019 -0.0007000004469)
(0.0009999997471 0.000400000019 -0.000600000441)
(0.0009999997867 0.000400000019 -0.000500000435)
(0.0009999998264 0.000400000019 -0.0004000004291)
(0.000999999866 0.000400000019 -0.0003000004231)
(0.0009999999056 0.000400000019 -0.0002000004172)
(0.0009999999453 0.000400000019 -0.0001000004113)
(0.0009999999849 0.000400000019 -4.053116037e-10)
(0.001000000025 0.000400000019 9.999960063e-05)
(0.001000000064 0.000400000019 0.0001999996066)
(0.001000000104 0.000400000019 0.0002999996125)
(0.001000000143 0.000400000019 0.0003999996185)
(0.001000000183 0.000400000019 0.0004999996244)
(0.001000000223 0.000400000019 0.0005999996303)
(0.001000000262 0.000400000019 0.0006999996363)
(0.001000000302 0.000400000019 0.0007999996422)
(0.001000000342 0.000400000019 0.0008999996482)
(0.001000000381 0.000400000019 0.0009999996541)
(0.0009999995558 0.0005000000237 -0.001000000495)
(0.0009999995982 0.0005000000237 -0.0009000004883)
(0.0009999996407 0.0005000000237 -0.0008000004821)
(0.0009999996832 0.0005000000237 -0.0007000004758)
(0.0009999997256 0.0005000000237 -0.0006000004696)
(0.0009999997681 0.0005000000237 -0.0005000004633)
(0.0009999998106 0.0005000000237 -0.0004000004571)
(0.000999999853 0.0005000000237 -0.0003000004509)
(0.0009999998955 0.0005000000237 -0.0002000004446)
(0.000999999938 0.0005000000237 -0.0001000004384)
(0.0009999999804 0.0005000000237 -4.321336951e-10)
(0.001000000023 0.0005000000237 9.999957411e-05)
(0.001000000065 0.0005000000237 0.0001999995803)
(0.001000000108 0.0005000000237 0.0002999995866)
(0.00100000015 0.0005000000237 0.0003999995928)
(0.001000000193 0.0005000000237 0.0004999995991)
(0.001000000235 0.0005000000237 0.0005999996053)
(0.001000000278 0.0005000000237 0.0006999996115)
(0.00100000032 0.0005000000237 0.0007999996178)
(0.001000000363 0.0005000000237 0.000899999624)
(0.001000000405 0.0005000000237 0.0009999996303)
(0.000999999523 0.0006000000285 -0.001000000524)
(0.0009999995683 0.0006000000285 -0.0009000005178)
(0.0009999996136 0.0006000000285 -0.0008000005113)
(0.0009999996589 0.0006000000285 -0.0007000005047)
(0.0009999997042 0.0006000000285 -0.0006000004982)
(0.0009999997495 0.0006000000285 -0.0005000004916)
(0.0009999997948 0.0006000000285 -0.0004000004851)
(0.0009999998401 0.0006000000285 -0.0003000004786)
(0.0009999998854 0.0006000000285 -0.000200000472)
(0.0009999999307 0.0006000000285 -0.0001000004655)
(0.000999999976 0.0006000000285 -4.589557866e-10)
(0.001000000021 0.0006000000285 9.999954758e-05)
(0.001000000067 0.0006000000285 0.0001999995541)
(0.001000000112 0.0006000000285 0.0002999995607)
(0.001000000157 0.0006000000285 0.0003999995672)
(0.001000000202 0.0006000000285 0.0004999995737)
(0.001000000248 0.0006000000285 0.0005999995803)
(0.001000000293 0.0006000000285 0.0006999995868)
(0.001000000338 0.0006000000285 0.0007999995933)
(0.001000000384 0.0006000000285 0.0008999995999)
(0.001000000429 0.0006000000285 0.0009999996064)
(0.0009999994902 0.0007000000332 -0.001000000554)
(0.0009999995383 0.0007000000332 -0.0009000005473)
(0.0009999995865 0.0007000000332 -0.0008000005405)
(0.0009999996346 0.0007000000332 -0.0007000005336)
(0.0009999996827 0.0007000000332 -0.0006000005268)
(0.0009999997308 0.0007000000332 -0.00050000052)
(0.000999999779 0.0007000000332 -0.0004000005131)
(0.0009999998271 0.0007000000332 -0.0003000005063)
(0.0009999998752 0.0007000000332 -0.0002000004994)
(0.0009999999234 0.0007000000332 -0.0001000004926)
(0.0009999999715 0.0007000000332 -4.85777878e-10)
(0.00100000002 0.0007000000332 9.999952106e-05)
(0.001000000068 0.0007000000332 0.0001999995279)
(0.001000000116 0.0007000000332 0.0002999995347)
(0.001000000164 0.0007000000332 0.0003999995416)
(0.001000000212 0.0007000000332 0.0004999995484)
(0.00100000026 0.0007000000332 0.0005999995552)
(0.001000000308 0.0007000000332 0.0006999995621)
(0.001000000357 0.0007000000332 0.0007999995689)
(0.001000000405 0.0007000000332 0.0008999995757)
(0.001000000453 0.0007000000332 0.0009999995826)
(0.0009999994574 0.000800000038 -0.001000000584)
(0.0009999995084 0.000800000038 -0.0009000005768)
(0.0009999995593 0.000800000038 -0.0008000005697)
(0.0009999996103 0.000800000038 -0.0007000005625)
(0.0009999996613 0.000800000038 -0.0006000005554)
(0.0009999997122 0.000800000038 -0.0005000005483)
(0.0009999997632 0.000800000038 -0.0004000005411)
(0.0009999998141 0.000800000038 -0.000300000534)
(0.0009999998651 0.000800000038 -0.0002000005269)
(0.0009999999161 0.000800000038 -0.0001000005197)
(0.000999999967 0.000800000038 -5.125999694e-10)
(0.001000000018 0.000800000038 9.999949453e-05)
(0.001000000069 0.000800000038 0.0001999995017)
(0.00100000012 0.000800000038 0.0002999995088)
(0.001000000171 0.000800000038 0.0003999995159)
(0.001000000222 0.000800000038 0.0004999995231)
(0.001000000273 0.000800000038 0.0005999995302)
(0.001000000324 0.000800000038 0.0006999995373)
(0.001000000375 0.000800000038 0.0007999995445)
(0.001000000426 0.000800000038 0.0008999995516)
(0.001000000477 0.000800000038 0.0009999995587)
(0.0009999994246 0.0009000000427 -0.001000000614)
(0.0009999994784 0.0009000000427 -0.0009000006063)
(0.0009999995322 0.0009000000427 -0.0008000005989)
(0.000999999586 0.0009000000427 -0.0007000005914)
(0.0009999996398 0.0009000000427 -0.000600000584)
(0.0009999996936 0.0009000000427 -0.0005000005766)
(0.0009999997474 0.0009000000427 -0.0004000005691)
(0.0009999998012 0.0009000000427 -0.0003000005617)
(0.000999999855 0.0009000000427 -0.0002000005543)
(0.0009999999088 0.0009000000427 -0.0001000005469)
(0.0009999999626 0.0009000000427 -5.394220609e-10)
(0.001000000016 0.0009000000427 9.999946801e-05)
(0.00100000007 0.0009000000427 0.0001999994754)
(0.001000000124 0.0009000000427 0.0002999994829)
(0.001000000178 0.0009000000427 0.0003999994903)
(0.001000000232 0.0009000000427 0.0004999994977)
(0.001000000285 0.0009000000427 0.0005999995052)
(0.001000000339 0.0009000000427 0.0006999995126)
(0.001000000393 0.0009000000427 0.00079999952)
(0.001000000447 0.0009000000427 0.0008999995275)
(0.0010000005 0.0009000000427 0.0009999995349)
(0.0009999993918 0.001000000047 -0.001000000644)
(0.0009999994485 0.001000000047 -0.0009000006358)
(0.0009999995051 0.001000000047 -0.0008000006281)
(0.0009999995617 0.001000000047 -0.0007000006204)
(0.0009999996183 0.001000000047 -0.0006000006126)
(0.000999999675 0.001000000047 -0.0005000006049)
(0.0009999997316 0.001000000047 -0.0004000005972)
(0.0009999997882 0.001000000047 -0.0003000005894)
(0.0009999998448 0.001000000047 -0.0002000005817)
(0.0009999999015 0.001000000047 -0.000100000574)
(0.0009999999581 0.001000000047 -5.662441523e-10)
(0.001000000015 0.001000000047 9.999944149e-05)
(0.001000000071 0.001000000047 0.0001999994492)
(0.001000000128 0.001000000047 0.0002999994569)
(0.001000000185 0.001000000047 0.0003999994647)
(0.001000000241 0.001000000047 0.0004999994724)
(0.001000000298 0.001000000047 0.0005999994801)
(0.001000000354 0.001000000047 0.0006999994879)
(0.001000000411 0.001000000047 0.0007999994956)
(0.001000000468 0.001000000047 0.0008999995033)
(0.001000000524 0.001000000047 0.0009999995111)
(-0.001000000167 -0.001000000047 -0.0009999998687)
(-0.001000000143 -0.001000000047 -0.000899999855)
(-0.001000000119 -0.001000000047 -0.0007999998413)
(-0.001000000095 -0.001000000047 -0.0006999998276)
(-0.001000000071 -0.001000000047 -0.0005999998139)
(-0.001000000047 -0.001000000047 -0.0004999998002)
(-0.001000000024 -0.001000000047 -0.0003999997865)
(-0.0009999999998 -0.001000000047 -0.0002999997729)
(-0.000999999976 -0.001000000047 -0.0001999997592)
(-0.0009999999521 -0.001000000047 -9.999974547e-05)
(-0.0009999999283 -0.001000000047 2.682209142e-10)
(-0.0009999999044 -0.001000000047 0.0001000002819)
(-0.0009999998806 -0.001000000047 0.0002000002956)
(-0.0009999998568 -0.001000000047 0.0003000003093)
(-0.0009999998329 -0.001000000047 0.000400000323)
(-0.0009999998091 -0.001000000047 0.0005000003367)
(-0.0009999997852 -0.001000000047 0.0006000003504)
(-0.0009999997614 -0.001000000047 0.0007000003641)
(-0.0009999997376 -0.001000000047 0.0008000003777)
(-0.0009999997137 -0.001000000047 0.0009000003914)
(-0.0009999996899 -0.001000000047 0.001000000405)
(-0.001000000179 -0.0009000000427 -0.0009999998597)
(-0.001000000155 -0.0009000000427 -0.0008999998474)
(-0.001000000131 -0.0009000000427 -0.000799999835)
(-0.001000000108 -0.0009000000427 -0.0006999998227)
(-0.001000000084 -0.0009000000427 -0.0005999998103)
(-0.00100000006 -0.0009000000427 -0.000499999798)
(-0.001000000036 -0.0009000000427 -0.0003999997856)
(-0.001000000013 -0.0009000000427 -0.0002999997733)
(-0.0009999999891 -0.0009000000427 -0.0001999997609)
(-0.0009999999654 -0.0009000000427 -9.99997486e-05)
(-0.0009999999417 -0.0009000000427 2.637505657e-10)
(-0.000999999918 -0.0009000000427 0.0001000002761)
(-0.0009999998943 -0.0009000000427 0.0002000002884)
(-0.0009999998706 -0.0009000000427 0.0003000003008)
(-0.0009999998469 -0.0009000000427 0.0004000003131)
(-0.0009999998232 -0.0009000000427 0.0005000003255)
(-0.0009999997995 -0.0009000000427 0.0006000003378)
(-0.0009999997758 -0.0009000000427 0.0007000003502)
(-0.0009999997522 -0.0009000000427 0.0008000003625)
(-0.0009999997285 -0.0009000000427 0.0009000003749)
(-0.0009999997048 -0.0009000000427 0.001000000387)
(-0.001000000191 -0.000800000038 -0.0009999998508)
(-0.001000000167 -0.000800000038 -0.0008999998398)
(-0.001000000143 -0.000800000038 -0.0007999998288)
(-0.00100000012 -0.000800000038 -0.0006999998178)
(-0.001000000096 -0.000800000038 -0.0005999998068)
(-0.001000000073 -0.000800000038 -0.0004999997958)
(-0.001000000049 -0.000800000038 -0.0003999997848)
(-0.001000000026 -0.000800000038 -0.0002999997737)
(-0.001000000002 -0.000800000038 -0.0001999997627)
(-0.0009999999787 -0.000800000038 -9.999975173e-05)
(-0.0009999999551 -0.000800000038 2.592802171e-10)
(-0.0009999999316 -0.000800000038 0.0001000002703)
(-0.000999999908 -0.000800000038 0.0002000002813)
(-0.0009999998845 -0.000800000038 0.0003000002923)
(-0.0009999998609 -0.000800000038 0.0004000003033)
(-0.0009999998374 -0.000800000038 0.0005000003143)
(-0.0009999998138 -0.000800000038 0.0006000003253)
(-0.0009999997903 -0.000800000038 0.0007000003363)
(-0.0009999997668 -0.000800000038 0.0008000003473)
(-0.0009999997432 -0.000800000038 0.0009000003584)
(-0.0009999997197 -0.000800000038 0.001000000369)
(-0.001000000202 -0.0007000000332 -0.0009999998419)
(-0.001000000179 -0.0007000000332 -0.0008999998322)
(-0.001000000156 -0.0007000000332 -0.0007999998225)
(-0.001000000132 -0.0007000000332 -0.0006999998129)
(-0.001000000109 -0.0007000000332 -0.0005999998032)
(-0.001000000085 -0.0007000000332 -0.0004999997935)
(-0.001000000062 -0.0007000000332 -0.0003999997839)
(-0.001000000039 -0.0007000000332 -0.0002999997742)
(-0.001000000015 -0.0007000000332 -0.0001999997645)
(-0.0009999999919 -0.0007000000332 -9.999975486e-05)
(-0.0009999999685 -0.0007000000332 2.548098685e-10)
(-0.0009999999451 -0.0007000000332 0.0001000002645)
(-0.0009999999217 -0.0007000000332 0.0002000002741)
(-0.0009999998983 -0.0007000000332 0.0003000002838)
(-0.0009999998749 -0.0007000000332 0.0004000002935)
(-0.0009999998515 -0.0007000000332 0.0005000003031)
(-0.0009999998282 -0.0007000000332 0.0006000003128)
(-0.0009999998048 -0.0007000000332 0.0007000003225)
(-0.0009999997814 -0.0007000000332 0.0008000003321)
(-0.000999999758 -0.0007000000332 0.0009000003418)
(-0.0009999997346 -0.0007000000332 0.001000000351)
(-0.001000000214 -0.0006000000285 -0.0009999998329)
(-0.001000000191 -0.0006000000285 -0.0008999998246)
(-0.001000000168 -0.0006000000285 -0.0007999998163)
(-0.001000000145 -0.0006000000285 -0.0006999998079)
(-0.001000000121 -0.0006000000285 -0.0005999997996)
(-0.001000000098 -0.0006000000285 -0.0004999997913)
(-0.001000000075 -0.0006000000285 -0.000399999783)
(-0.001000000052 -0.0006000000285 -0.0002999997746)
(-0.001000000028 -0.0006000000285 -0.0001999997663)
(-0.001000000005 -0.0006000000285 -9.999975799e-05)
(-0.0009999999819 -0.0006000000285 2.503395199e-10)
(-0.0009999999587 -0.0006000000285 0.0001000002587)
(-0.0009999999354 -0.0006000000285 0.000200000267)
(-0.0009999999122 -0.0006000000285 0.0003000002753)
(-0.0009999998889 -0.0006000000285 0.0004000002836)
(-0.0009999998657 -0.0006000000285 0.000500000292)
(-0.0009999998425 -0.0006000000285 0.0006000003003)
(-0.0009999998192 -0.0006000000285 0.0007000003086)
(-0.000999999796 -0.0006000000285 0.0008000003169)
(-0.0009999997727 -0.0006000000285 0.0009000003253)
(-0.0009999997495 -0.0006000000285 0.001000000334)
(-0.001000000226 -0.0005000000237 -0.000999999824)
(-0.001000000203 -0.0005000000237 -0.000899999817)
(-0.00100000018 -0.0005000000237 -0.00079999981)
(-0.001000000157 -0.0005000000237 -0.000699999803)
(-0.001000000134 -0.0005000000237 -0.000599999796)
(-0.001000000111 -0.0005000000237 -0.0004999997891)
(-0.001000000088 -0.0005000000237 -0.0003999997821)
(-0.001000000065 -0.0005000000237 -0.0002999997751)
(-0.001000000042 -0.0005000000237 -0.0001999997681)
(-0.001000000018 -0.0005000000237 -9.999976112e-05)
(-0.0009999999953 -0.0005000000237 2.458691714e-10)
(-0.0009999999722 -0.0005000000237 0.0001000002529)
(-0.0009999999491 -0.0005000000237 0.0002000002598)
(-0.0009999999261 -0.0005000000237 0.0003000002668)
(-0.000999999903 -0.0005000000237 0.0004000002738)
(-0.0009999998799 -0.0005000000237 0.0005000002808)
(-0.0009999998568 -0.0005000000237 0.0006000002878)
(-0.0009999998337 -0.0005000000237 0.0007000002948)
(-0.0009999998106 -0.0005000000237 0.0008000003017)
(-0.0009999997875 -0.0005000000237 0.0009000003087)
(-0.0009999997644 -0.0005000000237 0.001000000316)
(-0.001000000238 -0.000400000019 -0.000999999815)
(-0.001000000215 -0.000400000019 -0.0008999998094)
(-0.001000000192 -0.000400000019 -0.0007999998038)
(-0.001000000169 -0.000400000019 -0.0006999997981)
(-0.001000000146 -0.000400000019 -0.0005999997925)
(-0.001000000123 -0.000400000019 -0.0004999997868)
(-0.001000000101 -0.000400000019 -0.0003999997812)
(-0.001000000078 -0.000400000019 -0.0002999997755)
(-0.001000000055 -0.000400000019 -0.0001999997699)
(-0.001000000032 -0.000400000019 -9.999976424e-05)
(-0.001000000009 -0.000400000019 2.413988228e-10)
(-0.0009999999858 -0.000400000019 0.000100000247)
(-0.0009999999629 -0.000400000019 0.0002000002527)
(-0.0009999999399 -0.000400000019 0.0003000002583)
(-0.000999999917 -0.000400000019 0.000400000264)
(-0.000999999894 -0.000400000019 0.0005000002696)
(-0.0009999998711 -0.000400000019 0.0006000002753)
(-0.0009999998481 -0.000400000019 0.0007000002809)
(-0.0009999998252 -0.000400000019 0.0008000002865)
(-0.0009999998022 -0.000400000019 0.0009000002922)
(-0.0009999997793 -0.000400000019 0.001000000298)
(-0.00100000025 -0.0003000000142 -0.0009999998061)
(-0.001000000227 -0.0003000000142 -0.0008999998018)
(-0.001000000205 -0.0003000000142 -0.0007999997975)
(-0.001000000182 -0.0003000000142 -0.0006999997932)
(-0.001000000159 -0.0003000000142 -0.0005999997889)
(-0.001000000136 -0.0003000000142 -0.0004999997846)
(-0.001000000113 -0.0003000000142 -0.0003999997803)
(-0.001000000091 -0.0003000000142 -0.000299999776)
(-0.001000000068 -0.0003000000142 -0.0001999997717)
(-0.001000000045 -0.0003000000142 -9.999976737e-05)
(-0.001000000022 -0.0003000000142 2.369284742e-10)
(-0.0009999999994 -0.0003000000142 0.0001000002412)
(-0.0009999999766 -0.0003000000142 0.0002000002455)
(-0.0009999999538 -0.0003000000142 0.0003000002498)
(-0.000999999931 -0.0003000000142 0.0004000002541)
(-0.0009999999082 -0.0003000000142 0.0005000002584)
(-0.0009999998854 -0.0003000000142 0.0006000002627)
(-0.0009999998626 -0.0003000000142 0.000700000267)
(-0.0009999998398 -0.0003000000142 0.0008000002714)
(-0.000999999817 -0.0003000000142 0.0009000002757)
(-0.0009999997942 -0.0003000000142 0.00100000028)
(-0.001000000262 -0.0002000000095 -0.0009999997972)
(-0.001000000239 -0.0002000000095 -0.0008999997942)
(-0.001000000217 -0.0002000000095 -0.0007999997912)
(-0.001000000194 -0.0002000000095 -0.0006999997883)
(-0.001000000171 -0.0002000000095 -0.0005999997853)
(-0.001000000149 -0.0002000000095 -0.0004999997823)
(-0.001000000126 -0.0002000000095 -0.0003999997794)
(-0.001000000104 -0.0002000000095 -0.0002999997764)
(-0.001000000081 -0.0002000000095 -0.0001999997735)
(-0.001000000058 -0.0002000000095 -9.99997705e-05)
(-0.001000000036 -0.0002000000095 2.324581257e-10)
(-0.001000000013 -0.0002000000095 0.0001000002354)
(-0.0009999999903 -0.0002000000095 0.0002000002384)
(-0.0009999999676 -0.0002000000095 0.0003000002413)
(-0.000999999945 -0.0002000000095 0.0004000002443)
(-0.0009999999223 -0.0002000000095 0.0005000002473)
(-0.0009999998997 -0.0002000000095 0.0006000002502)
(-0.000999999877 -0.0002000000095 0.0007000002532)
(-0.0009999998544 -0.0002000000095 0.0008000002562)
(-0.0009999998317 -0.0002000000095 0.0009000002591)
(-0.0009999998091 -0.0002000000095 0.001000000262)
(-0.001000000274 -0.0001000000047 -0.0009999997882)
(-0.001000000251 -0.0001000000047 -0.0008999997866)
(-0.001000000229 -0.0001000000047 -0.000799999785)
(-0.001000000206 -0.0001000000047 -0.0006999997834)
(-0.001000000184 -0.0001000000047 -0.0005999997817)
(-0.001000000161 -0.0001000000047 -0.0004999997801)
(-0.001000000139 -0.0001000000047 -0.0003999997785)
(-0.001000000116 -0.0001000000047 -0.0002999997769)
(-0.001000000094 -0.0001000000047 -0.0001999997753)
(-0.001000000071 -0.0001000000047 -9.999977363e-05)
(-0.001000000049 -0.0001000000047 2.279877771e-10)
(-0.001000000026 -0.0001000000047 0.0001000002296)
(-0.001000000004 -0.0001000000047 0.0002000002312)
(-0.0009999999815 -0.0001000000047 0.0003000002328)
(-0.000999999959 -0.0001000000047 0.0004000002345)
(-0.0009999999365 -0.0001000000047 0.0005000002361)
(-0.000999999914 -0.0001000000047 0.0006000002377)
(-0.0009999998915 -0.0001000000047 0.0007000002393)
(-0.000999999869 -0.0001000000047 0.000800000241)
(-0.0009999998465 -0.0001000000047 0.0009000002426)
(-0.000999999824 -0.0001000000047 0.001000000244)
(-0.001000000286 0 -0.0009999997793)
(-0.001000000264 0 -0.000899999779)
(-0.001000000241 0 -0.0007999997787)
(-0.001000000219 0 -0.0006999997784)
(-0.001000000197 0 -0.0005999997782)
(-0.001000000174 0 -0.0004999997779)
(-0.001000000152 0 -0.0003999997776)
(-0.001000000129 0 -0.0002999997773)
(-0.001000000107 0 -0.000199999777)
(-0.001000000085 0 -9.999977676e-05)
(-0.001000000062 0 2.235174285e-10)
(-0.00100000004 0 0.0001000002238)
(-0.001000000018 0 0.0002000002241)
(-0.0009999999953 0 0.0003000002244)
(-0.000999999973 0 0.0004000002246)
(-0.0009999999506 0 0.0005000002249)
(-0.0009999999283 0 0.0006000002252)
(-0.0009999999059 0 0.0007000002255)
(-0.0009999998836 0 0.0008000002258)
(-0.0009999998612 0 0.000900000226)
(-0.0009999998389 0 0.001000000226)
(-0.001000000298 0.0001000000047 -0.0009999997703)
(-0.001000000276 0.0001000000047 -0.0008999997714)
(-0.001000000253 0.0001000000047 -0.0007999997725)
(-0.001000000231 0.0001000000047 -0.0006999997735)
(-0.001000000209 0.0001000000047 -0.0005999997746)
(-0.001000000187 0.0001000000047 -0.0004999997756)
(-0.001000000165 0.0001000000047 -0.0003999997767)
(-0.001000000142 0.0001000000047 -0.0002999997778)
(-0.00100000012 0.0001000000047 -0.0001999997788)
(-0.001000000098 0.0001000000047 -9.999977989e-05)
(-0.001000000076 0.0001000000047 2.1904708e-10)
(-0.001000000054 0.0001000000047 0.000100000218)
(-0.001000000031 0.0001000000047 0.0002000002169)
(-0.001000000009 0.0001000000047 0.0003000002159)
(-0.000999999987 0.0001000000047 0.0004000002148)
(-0.0009999999648 0.0001000000047 0.0005000002137)
(-0.0009999999426 0.0001000000047 0.0006000002127)
(-0.0009999999204 0.0001000000047 0.0007000002116)
(-0.0009999998982 0.0001000000047 0.0008000002106)
(-0.000999999876 0.0001000000047 0.0009000002095)
(-0.0009999998538 0.0001000000047 0.001000000208)
(-0.00100000031 0.0002000000095 -0.0009999997614)
(-0.001000000288 0.0002000000095 -0.0008999997638)
(-0.001000000266 0.0002000000095 -0.0007999997662)
(-0.001000000244 0.0002000000095 -0.0006999997686)
(-0.001000000222 0.0002000000095 -0.000599999771)
(-0.001000000199 0.0002000000095 -0.0004999997734)
(-0.001000000177 0.0002000000095 -0.0003999997758)
(-0.001000000155 0.0002000000095 -0.0002999997782)
(-0.001000000133 0.0002000000095 -0.0001999997806)
(-0.001000000111 0.0002000000095 -9.999978302e-05)
(-0.001000000089 0.0002000000095 2.145767314e-10)
(-0.001000000067 0.0002000000095 0.0001000002122)
(-0.001000000045 0.0002000000095 0.0002000002098)
(-0.001000000023 0.0002000000095 0.0003000002074)
(-0.001000000001 0.0002000000095 0.000400000205)
(-0.000999999979 0.0002000000095 0.0005000002026)
(-0.0009999999569 0.0002000000095 0.0006000002002)
(-0.0009999999348 0.0002000000095 0.0007000001978)
(-0.0009999999128 0.0002000000095 0.0008000001954)
(-0.0009999998907 0.0002000000095 0.000900000193)
(-0.0009999998687 0.0002000000095 0.001000000191)
(-0.001000000322 0.0003000000142 -0.0009999997525)
(-0.0010000003 0.0003000000142 -0.0008999997562)
(-0.001000000278 0.0003000000142 -0.0007999997599)
(-0.001000000256 0.0003000000142 -0.0006999997637)
(-0.001000000234 0.0003000000142 -0.0005999997674)
(-0.001000000212 0.0003000000142 -0.0004999997712)
(-0.00100000019 0.0003000000142 -0.0003999997749)
(-0.001000000168 0.0003000000142 -0.0002999997787)
(-0.001000000146 0.0003000000142 -0.0001999997824)
(-0.001000000125 0.0003000000142 -9.999978615e-05)
(-0.001000000103 0.0003000000142 2.101063828e-10)
(-0.001000000081 0.0003000000142 0.0001000002064)
(-0.001000000059 0.0003000000142 0.0002000002026)
(-0.001000000037 0.0003000000142 0.0003000001989)
(-0.001000000015 0.0003000000142 0.0004000001951)
(-0.0009999999931 0.0003000000142 0.0005000001914)
(-0.0009999999712 0.0003000000142 0.0006000001876)
(-0.0009999999493 0.0003000000142 0.0007000001839)
(-0.0009999999274 0.0003000000142 0.0008000001802)
(-0.0009999999055 0.0003000000142 0.0009000001764)
(-0.0009999998836 0.0003000000142 0.001000000173)
(-0.001000000334 0.000400000019 -0.0009999997435)
(-0.001000000312 0.000400000019 -0.0008999997486)
(-0.00100000029 0.000400000019 -0.0007999997537)
(-0.001000000268 0.000400000019 -0.0006999997588)
(-0.001000000247 0.000400000019 -0.0005999997639)
(-0.001000000225 0.000400000019 -0.0004999997689)
(-0.001000000203 0.000400000019 -0.000399999774)
(-0.001000000181 0.000400000019 -0.0002999997791)
(-0.00100000016 0.000400000019 -0.0001999997842)
(-0.001000000138 0.000400000019 -9.999978928e-05)
(-0.001000000116 0.000400000019 2.056360342e-10)
(-0.001000000094 0.000400000019 0.0001000002006)
(-0.001000000073 0.000400000019 0.0002000001955)
(-0.001000000051 0.000400000019 0.0003000001904)
(-0.001000000029 0.000400000019 0.0004000001853)
(-0.001000000007 0.000400000019 0.0005000001802)
(-0.0009999999855 0.000400000019 0.0006000001751)
(-0.0009999999638 0.000400000019 0.00070000017)
(-0.000999999942 0.000400000019 0.000800000165)
(-0.0009999999202 0.000400000019 0.0009000001599)
(-0.0009999998985 0.000400000019 0.001000000155)
(-0.001000000346 0.0005000000237 -0.0009999997346)
(-0.001000000324 0.0005000000237 -0.000899999741)
(-0.001000000302 0.0005000000237 -0.0007999997474)
(-0.001000000281 0.0005000000237 -0.0006999997539)
(-0.001000000259 0.0005000000237 -0.0005999997603)
(-0.001000000237 0.0005000000237 -0.0004999997667)
(-0.001000000216 0.0005000000237 -0.0003999997731)
(-0.001000000194 0.0005000000237 -0.0002999997796)
(-0.001000000173 0.0005000000237 -0.000199999786)
(-0.001000000151 0.0005000000237 -9.999979241e-05)
(-0.001000000129 0.0005000000237 2.011656857e-10)
(-0.001000000108 0.0005000000237 0.0001000001947)
(-0.001000000086 0.0005000000237 0.0002000001883)
(-0.001000000065 0.0005000000237 0.0003000001819)
(-0.001000000043 0.0005000000237 0.0004000001755)
(-0.001000000021 0.0005000000237 0.000500000169)
(-0.0009999999998 0.0005000000237 0.0006000001626)
(-0.0009999999782 0.0005000000237 0.0007000001562)
(-0.0009999999566 0.0005000000237 0.0008000001498)
(-0.000999999935 0.0005000000237 0.0009000001433)
(-0.0009999999134 0.0005000000237 0.001000000137)
(-0.001000000357 0.0006000000285 -0.0009999997256)
(-0.001000000336 0.0006000000285 -0.0008999997334)
(-0.001000000315 0.0006000000285 -0.0007999997412)
(-0.001000000293 0.0006000000285 -0.0006999997489)
(-0.001000000272 0.0006000000285 -0.0005999997567)
(-0.00100000025 0.0006000000285 -0.0004999997645)
(-0.001000000229 0.0006000000285 -0.0003999997722)
(-0.001000000207 0.0006000000285 -0.00029999978)
(-0.001000000186 0.0006000000285 -0.0001999997878)
(-0.001000000164 0.0006000000285 -9.999979554e-05)
(-0.001000000143 0.0006000000285 1.966953371e-10)
(-0.001000000121 0.0006000000285 0.0001000001889)
(-0.0010000001 0.0006000000285 0.0002000001812)
(-0.001000000078 0.0006000000285 0.0003000001734)
(-0.001000000057 0.0006000000285 0.0004000001656)
(-0.001000000036 0.0006000000285 0.0005000001579)
(-0.001000000014 0.0006000000285 0.0006000001501)
(-0.0009999999927 0.0006000000285 0.0007000001423)
(-0.0009999999712 0.0006000000285 0.0008000001346)
(-0.0009999999497 0.0006000000285 0.0009000001268)
(-0.0009999999283 0.0006000000285 0.001000000119)
(-0.001000000369 0.0007000000332 -0.0009999997167)
(-0.001000000348 0.0007000000332 -0.0008999997258)
(-0.001000000327 0.0007000000332 -0.0007999997349)
(-0.001000000305 0.0007000000332 -0.000699999744)
(-0.001000000284 0.0007000000332 -0.0005999997531)
(-0.001000000263 0.0007000000332 -0.0004999997622)
(-0.001000000242 0.0007000000332 -0.0003999997713)
(-0.00100000022 0.0007000000332 -0.0002999997805)
(-0.001000000199 0.0007000000332 -0.0001999997896)
(-0.001000000178 0.0007000000332 -9.999979867e-05)
(-0.001000000156 0.0007000000332 1.922249885e-10)
(-0.001000000135 0.0007000000332 0.0001000001831)
(-0.001000000114 0.0007000000332 0.000200000174)
(-0.001000000092 0.0007000000332 0.0003000001649)
(-0.001000000071 0.0007000000332 0.0004000001558)
(-0.00100000005 0.0007000000332 0.0005000001467)
(-0.001000000028 0.0007000000332 0.0006000001376)
(-0.001000000007 0.0007000000332 0.0007000001285)
(-0.0009999999858 0.0007000000332 0.0008000001194)
(-0.0009999999645 0.0007000000332 0.0009000001102)
(-0.0009999999432 0.0007000000332 0.001000000101)
(-0.001000000381 0.000800000038 -0.0009999997078)
(-0.00100000036 0.000800000038 -0.0008999997182)
(-0.001000000339 0.000800000038 -0.0007999997286)
(-0.001000000318 0.000800000038 -0.0006999997391)
(-0.001000000297 0.000800000038 -0.0005999997495)
(-0.001000000275 0.000800000038 -0.00049999976)
(-0.001000000254 0.000800000038 -0.0003999997704)
(-0.001000000233 0.000800000038 -0.0002999997809)
(-0.001000000212 0.000800000038 -0.0001999997913)
(-0.001000000191 0.000800000038 -9.99998018e-05)
(-0.00100000017 0.000800000038 1.8775464e-10)
(-0.001000000149 0.000800000038 0.0001000001773)
(-0.001000000127 0.000800000038 0.0002000001669)
(-0.001000000106 0.000800000038 0.0003000001564)
(-0.001000000085 0.000800000038 0.000400000146)
(-0.001000000064 0.000800000038 0.0005000001355)
(-0.001000000043 0.000800000038 0.0006000001251)
(-0.001000000022 0.000800000038 0.0007000001146)
(-0.001 0.000800000038 0.0008000001042)
(-0.0009999999793 0.000800000038 0.0009000000937)
(-0.0009999999581 0.000800000038 0.001000000083)
(-0.001000000393 0.0009000000427 -0.0009999996988)
(-0.001000000372 0.0009000000427 -0.0008999997106)
(-0.001000000351 0.0009000000427 -0.0007999997224)
(-0.00100000033 0.0009000000427 -0.0006999997342)
(-0.001000000309 0.0009000000427 -0.000599999746)
(-0.001000000288 0.0009000000427 -0.0004999997578)
(-0.001000000267 0.0009000000427 -0.0003999997696)
(-0.001000000246 0.0009000000427 -0.0002999997813)
(-0.001000000225 0.0009000000427 -0.0001999997931)
(-0.001000000204 0.0009000000427 -9.999980493e-05)
(-0.001000000183 0.0009000000427 1.832842914e-10)
(-0.001000000162 0.0009000000427 0.0001000001715)
(-0.001000000141 0.0009000000427 0.0002000001597)
(-0.00100000012 0.0009000000427 0.0003000001479)
(-0.001000000099 0.0009000000427 0.0004000001361)
(-0.001000000078 0.0009000000427 0.0005000001243)
(-0.001000000057 0.0009000000427 0.0006000001125)
(-0.001000000036 0.0009000000427 0.0007000001008)
(-0.001000000015 0.0009000000427 0.000800000089)
(-0.000999999994 0.0009000000427 0.0009000000772)
(-0.000999999973 0.0009000000427 0.001000000065)
(-0.001000000405 0.001000000047 -0.0009999996899)
(-0.001000000384 0.001000000047 -0.000899999703)
(-0.001000000363 0.001000000047 -0.0007999997161)
(-0.001000000343 0.001000000047 -0.0006999997293)
(-0.001000000322 0.001000000047 -0.0005999997424)
(-0.001000000301 0.001000000047 -0.0004999997555)
(-0.00100000028 0.001000000047 -0.0003999997687)
(-0.001000000259 0.001000000047 -0.0002999997818)
(-0.001000000238 0.001000000047 -0.0001999997949)
(-0.001000000217 0.001000000047 -9.999980805e-05)
(-0.001000000197 0.001000000047 1.788139428e-10)
(-0.001000000176 0.001000000047 0.0001000001657)
(-0.001000000155 0.001000000047 0.0002000001526)
(-0.001000000134 0.001000000047 0.0003000001394)
(-0.001000000113 0.001000000047 0.0004000001263)
(-0.001000000092 0.001000000047 0.0005000001132)
(-0.001000000071 0.001000000047 0.0006000001)
(-0.00100000005 0.001000000047 0.0007000000869)
(-0.00100000003 0.001000000047 0.0008000000738)
(-0.001000000009 0.001000000047 0.0009000000606)
(-0.0009999999879 0.001000000047 0.001000000047)
)


// ************************************************************************* //
